Matrix A:
23	43	9	18	10	21	
24	34	32	6	46	17	
23	14	17	2	15	35	
49	18	35	0	28	2	
49	23	42	48	35	10	
14	48	9	6	40	22	

Matrix B:
15	42	4	42	30	38	
34	41	12	11	31	1	
42	42	47	43	45	24	
5	10	42	11	37	10	
11	47	43	15	15	5	
12	29	35	10	24	28	

A x B: 
2637	4366	2952	2384	3748	1951	
3600	6461	4833	3684	4534	2480	
2130	3994	3013	2448	3028	2371	
3149	5640	3331	4201	4071	2916	
4026	7180	6317	5270	6614	3828	
2954	5512	3797	2389	3663	1672	
