Matrix A:
43	48	3	8	25	48	
9	47	33	40	12	9	
32	39	33	33	41	0	
3	43	41	8	45	6	
26	40	30	15	30	4	
33	45	21	23	9	8	

Matrix B:
10	22	20	47	28	27	
49	4	16	12	32	23	
27	40	29	28	31	46	
11	31	43	0	7	28	
46	40	1	14	4	15	
38	27	46	27	19	0	

A x B: 
5925	3802	4292	4327	3901	3002	
4618	3669	4035	2322	3278	4142	
5371	4843	3681	3470	3562	4818	
5630	4088	2602	2597	3081	3855	
4727	3705	2889	3070	3239	3872	
4073	3035	3355	3021	3364	3671	
A + B: 
53	70	23	55	53	75	
58	51	49	52	44	32	
59	79	62	61	72	46	
14	74	84	8	52	34	
72	80	31	29	34	19	
71	72	67	50	28	8	
